1kb sender

0.038327932357788086 
0.03791236877441406
0.039141178131103516 
0.03925442695617676
0.038327932357788086

1kb receiver

0.20845842361450195
0.20845842361450195
0.21270394325256348
0.21673130989074707
0.2091810703277588

5kb sender

0.10156726837158203
0.09450101852416992
0.09936785697937012
0.0998537540435791
0.0981147289276123

5kb receiver
0.4928281307220459
0.49282383918762207
0.4992992877960205
0.4833037853240967
0.4907054901123047

10kb sender

0.17181658744812012
0.17232823371887207
0.1724870204925537
0.17355561256408691
0.17429256439208984

10kb receiver
0.824772834777832
0.8248763084411621
0.8308067321777344
0.8322529792785645
0.8356449604034424

20kb sender
0.33007001876831055
0.32965517044067383
0.33007359504699707
0.33026599884033203
0.32649731636047363

20kb receiver

1.6311135292053223
1.6465954780578613
1.6470341682434082
1.6205377578735352
1.6225676536560059

30kb sender

0.49579286575317383
0.47683286666870117
0.49711060523986816
0.49614787101745605
0.47308993339538574

30kb receiver

2.3442094326019287
2.3082783222198486
2.4143919944763184
2.3670623302459717
2.363847494125366

40kb sender

0.6249268054962158
0.6230578422546387
0.6263401508331299
0.6255207061767578
0.6363675594329834

40kb receiver

3.034649133682251
3.0052428245544434
3.081873893737793
3.1086065769195557
3.128802537918091

50kb sender
0.8041324615478516
0.8114566802978516
0.812300443649292
0.7604053020477295
0.7879178524017334

50kb receiver
3.855581283569336
3.9990482330322266
3.8965463638305664
3.734020471572876
3.881258010864258

100kb sender

1.5258681774139404
1.525418996810913
1.530052900314331
1.5075976848602295
1.5113744735717773

100kb receiver

7.290933132171631
7.3269641399383545
7.246883869171143
7.4469687938690186
7.331135511398315

200kb sender
2.9839000701904297
3.0947017669677734
3.0419535636901855
3.0311717987060547
3.0631513595581055

200kb receiver

14.450660228729248
15.00426459312439
15.000972747802734
15.05836272239685
15.177634239196777

300kb sender

4.575822591781616
4.692169666290283
4.710343599319458
4.604308843612671
4.683690071105957

300kb receiver

22.53926134109497
22.958837509155273
23.80286455154419
23.41985845565796
23.419392347335815

400kb sender

6.109453916549683
6.1865904331207275
6.27144980430603
6.407361745834351
6.416753530502319

400kb receiver

30.119319438934326
30.98124933242798
30.889299631118774
30.913277864456177
31.369616270065308

512kb sender

7.90358829498291
7.7783613204956055
8.02061653137207
8.015768766403198
8.121788501739502

512kb receiver

39.92793822288513
40.436776638031006
41.089534521102905
41.322595834732056
42.49854588508606

1024kb sender
16.030030965805054
15.834981918334961
15.654036045074463
15.882845163345337
15.973781108856201

1024kb receiver

78.40751814842224
78.34342384338379
79.45179176330566
79.6213150024414
79.92028307914734